1.16号的数据：
高精度地图的坐标系均在UTM坐标系下，单位为米
2025_0116的数据处理记录，高精度地图减去固定的偏移量，偏移量为：
(513500, 3364300, 0)

2.20号的数据：
2025_0220的数据处理记录，高精度地图减去固定的偏移量，这个偏移量对应的utm坐标、WGS84坐标、以及纬度经度高程：
UTM的偏移量为：(513500, 3364400, 0)
对应的WGS84坐标为： [-2251811.584, 5024460.661, 3208642.318]
对应的纬度经度高程为: 114.1404822, 30.3994217, 0,

路侧lidar的标定结果:
=================================================================
180m lidar frame to n frame
180_LiDAR标定结果（使用8个特征点）
变换矩阵 T_nl:
[[-5.7232600e-01  8.1904800e-01 -4.0054000e-02 -2.5151617e+01]
 [-8.0827600e-01 -5.7169000e-01 -1.4092600e-01  7.9413929e+01]
 [-1.3832300e-01 -4.8281000e-02  9.8921000e-01  3.7523700e+00]
 [ 0.0000000e+00  0.0000000e+00  0.0000000e+00  1.0000000e+00]]
原点标定误差: 0.083484 米
误差分量 [X,Y,Z]: [ 0.000383  0.072929 -0.04063 ]

经过small_gicp优化后的结果:
--- T_target_source ---
 -0.575437   0.816867  -0.040016   -25.1254
 -0.806094  -0.574753  -0.140964    79.3925
 -0.138148 -0.0488596   0.989206    3.76515
         0          0          0          1
converged:1
error:99.2547
iterations:7
num_inliers:11851
--- H ---
1.02484e+08      122985     6228.86    -5980.61    -3376.21     18693.4
     122985 1.00389e+08    -91151.2     2615.24     222.601    -36225.9
    6228.86    -91151.2 2.54316e+06       26305     23113.8     5758.01
   -5980.61     2615.24       26305     3757.78     1419.81    -155.972
   -3376.21     222.601     23113.8     1419.81     2734.92     67.8111
    18693.4    -36225.9     5758.01    -155.972     67.8111     5358.31
--- b ---
  578.908  -121.863  -15.8167 -0.857201  -2.46009 -0.118822

-----------------------------------------------------------------
90m lidar frame to n frame
90_LiDAR标定结果（使用7个特征点）
变换矩阵 T_nl:
[[-0.989779  0.101124 -0.100557 50.148455]
 [-0.086973 -0.986838 -0.136332 34.124473]
 [-0.11302  -0.126193  0.985546  4.181041]
 [ 0.        0.        0.        1.      ]]
原点标定误差: 0.070892 米
误差分量 [X,Y,Z]: [-0.016545  0.068473 -0.007959]


经过small_gicp优化后的结果:
--- T_target_source ---
 -0.990361  0.0960783 -0.0997733    50.2114
-0.0819912  -0.987201  -0.136789    34.1127
 -0.111639   -0.12729   0.985562    4.17938
         0          0          0          1
converged:1
error:27.7284
iterations:17
num_inliers:7029
--- H ---
1.01064e+08 1.18308e+06    -793.846     -981.46    -1484.01     15729.8
1.18308e+06 1.01843e+08     37984.4     2361.79     1947.63    -14780.9
   -793.846     37984.4 2.57953e+06    -6700.67     -370.58    -966.165
    -981.46     2361.79    -6700.67     1069.35     173.535    -219.737
   -1484.01     1947.63     -370.58     173.535     2782.68    -35.0532
    15729.8    -14780.9    -966.165    -219.737    -35.0532     3176.97
--- b ---
  2416.74    3434.8   9.96722   0.48995 -0.926927 -0.228364


  —————————————————————————————————————————————————————————————————————————————————
  Slam对应的原点的位置：
    纬度、经度、高程： 30.3965858919968 114.146383022028 11.1162948911499
    WGS84坐标： X = -2252398.030米    Y = 5024382.629米    Z = 3208376.785米

